100000 999 100 10
100 8
200 8
300 11
400 13
500 10
600 12
700 10
800 12
900 12
1000 15
1100 15
1200 15
1300 15
1400 15
1500 15
1600 11
1700 13
1800 11
1900 12
2000 10
2100 10
2200 12
2300 11
2400 10
2500 9
2600 8
2700 13
2800 9
2900 8
3000 8
3100 9
3200 9
3300 9
3400 11
3500 10
3600 10
3700 12
3800 12
3900 11
4000 12
4100 10
4200 8
4300 8
4400 9
4500 10
4600 8
4700 8
4800 9
4900 9
5000 10
5100 13
5200 8
5300 9
5400 11
5500 13
5600 12
5700 12
5800 8
5900 8
6000 10
6100 11
6200 12
6300 8
6400 11
6500 12
6600 13
6700 11
6800 11
6900 12
7000 8
7100 10
7200 8
7300 13
7400 8
7500 8
7600 11
7700 9
7800 12
7900 12
8000 8
8100 10
8200 10
8300 9
8400 12
8500 8
8600 12
8700 12
8800 11
8900 10
9000 11
9100 15
9200 15
9300 15
9400 11
9500 10
9600 10
9700 10
9800 12
9900 11
10000 10
10100 13
10200 13
10300 12
10400 13
10500 8
10600 8
10700 12
10800 12
10900 13
11000 8
11100 12
11200 13
11300 9
11400 13
11500 10
11600 11
11700 8
11800 8
11900 10
12000 11
12100 13
12200 9
12300 13
12400 11
12500 9
12600 12
12700 10
12800 8
12900 11
13000 10
13100 13
13200 11
13300 8
13400 9
13500 9
13600 9
13700 13
13800 11
13900 10
14000 12
14100 13
14200 10
14300 9
14400 12
14500 11
14600 11
14700 9
14800 12
14900 9
15000 9
15100 10
15200 12
15300 10
15400 9
15500 10
15600 9
15700 13
15800 13
15900 12
16000 8
16100 12
16200 9
16300 9
16400 11
16500 11
16600 10
16700 12
16800 9
16900 12
17000 12
17100 10
17200 12
17300 12
17400 13
17500 12
17600 13
17700 8
17800 13
17900 13
18000 10
18100 10
18200 8
18300 10
18400 9
18500 10
18600 10
18700 11
18800 9
18900 11
19000 8
19100 10
19200 10
19300 13
19400 13
19500 11
19600 12
19700 10
19800 9
19900 10
20000 13
20100 12
20200 12
20300 10
20400 10
20500 9
20600 9
20700 8
20800 11
20900 13
21000 9
21100 13
21200 12
21300 8
21400 13
21500 10
21600 11
21700 9
21800 12
21900 8
22000 8
22100 13
22200 12
22300 8
22400 10
22500 13
22600 8
22700 8
22800 10
22900 13
23000 12
23100 11
23200 11
23300 10
23400 9
23500 10
23600 13
23700 12
23800 11
23900 9
24000 13
24100 11
24200 11
24300 11
24400 11
24500 10
24600 8
24700 13
24800 8
24900 11
25000 11
25100 12
25200 12
25300 12
25400 9
25500 8
25600 13
25700 12
25800 12
25900 9
26000 9
26100 13
26200 11
26300 8
26400 10
26500 9
26600 12
26700 8
26800 11
26900 10
27000 12
27100 12
27200 9
27300 9
27400 13
27500 8
27600 13
27700 9
27800 8
27900 12
28000 11
28100 8
28200 13
28300 9
28400 10
28500 8
28600 9
28700 12
28800 12
28900 10
29000 13
29100 9
29200 11
29300 12
29400 10
29500 10
29600 10
29700 12
29800 12
29900 12
30000 12
30100 9
30200 9
30300 13
30400 13
30500 8
30600 13
30700 9
30800 12
30900 9
31000 10
31100 10
31200 9
31300 10
31400 11
31500 11
31600 12
31700 13
31800 11
31900 13
32000 10
32100 9
32200 8
32300 11
32400 12
32500 8
32600 10
32700 10
32800 13
32900 9
33000 8
33100 9
33200 13
33300 10
33400 10
33500 12
33600 8
33700 8
33800 9
33900 13
34000 13
34100 12
34200 10
34300 9
34400 13
34500 13
34600 10
34700 11
34800 10
34900 13
35000 12
35100 9
35200 10
35300 11
35400 8
35500 9
35600 12
35700 9
35800 12
35900 11
36000 11
36100 13
36200 8
36300 12
36400 8
36500 12
36600 12
36700 11
36800 11
36900 13
37000 12
37100 10
37200 10
37300 13
37400 11
37500 13
37600 10
37700 9
37800 10
37900 12
38000 10
38100 8
38200 8
38300 9
38400 8
38500 9
38600 13
38700 11
38800 12
38900 12
39000 9
39100 8
39200 8
39300 11
39400 8
39500 13
39600 10
39700 9
39800 11
39900 12
40000 13
40100 11
40200 13
40300 8
40400 10
40500 10
40600 13
40700 12
40800 11
40900 8
41000 11
41100 13
41200 9
41300 11
41400 8
41500 8
41600 9
41700 9
41800 8
41900 13
42000 9
42100 11
42200 11
42300 8
42400 13
42500 9
42600 12
42700 10
42800 8
42900 8
43000 12
43100 10
43200 8
43300 10
43400 13
43500 9
43600 12
43700 11
43800 9
43900 12
44000 10
44100 9
44200 12
44300 11
44400 13
44500 11
44600 9
44700 13
44800 8
44900 12
45000 13
45100 13
45200 12
45300 10
45400 13
45500 9
45600 9
45700 13
45800 8
45900 8
46000 10
46100 10
46200 9
46300 8
46400 8
46500 13
46600 11
46700 13
46800 9
46900 12
47000 10
47100 10
47200 9
47300 9
47400 13
47500 9
47600 10
47700 8
47800 13
47900 11
48000 8
48100 8
48200 11
48300 9
48400 10
48500 11
48600 9
48700 12
48800 9
48900 8
49000 9
49100 10
49200 9
49300 11
49400 10
49500 13
49600 10
49700 10
49800 9
49900 13
50000 8
50100 9
50200 8
50300 8
50400 13
50500 10
50600 10
50700 9
50800 12
50900 12
51000 10
51100 9
51200 9
51300 9
51400 13
51500 12
51600 8
51700 12
51800 10
51900 11
52000 8
52100 12
52200 9
52300 10
52400 12
52500 8
52600 11
52700 8
52800 11
52900 11
53000 12
53100 8
53200 8
53300 8
53400 13
53500 13
53600 11
53700 13
53800 11
53900 8
54000 8
54100 8
54200 13
54300 13
54400 8
54500 9
54600 9
54700 9
54800 13
54900 12
55000 8
55100 8
55200 10
55300 9
55400 12
55500 13
55600 11
55700 11
55800 12
55900 11
56000 9
56100 10
56200 10
56300 12
56400 10
56500 8
56600 9
56700 13
56800 13
56900 13
57000 12
57100 11
57200 13
57300 8
57400 10
57500 12
57600 13
57700 13
57800 9
57900 11
58000 8
58100 10
58200 12
58300 8
58400 13
58500 12
58600 8
58700 13
58800 8
58900 8
59000 9
59100 12
59200 11
59300 8
59400 12
59500 13
59600 13
59700 11
59800 8
59900 11
60000 10
60100 9
60200 9
60300 13
60400 12
60500 9
60600 8
60700 12
60800 13
60900 13
61000 12
61100 12
61200 13
61300 11
61400 13
61500 8
61600 11
61700 10
61800 10
61900 10
62000 10
62100 9
62200 13
62300 10
62400 9
62500 10
62600 10
62700 8
62800 11
62900 10
63000 12
63100 9
63200 8
63300 11
63400 13
63500 8
63600 9
63700 13
63800 9
63900 12
64000 9
64100 11
64200 13
64300 13
64400 12
64500 13
64600 9
64700 8
64800 9
64900 11
65000 8
65100 13
65200 10
65300 13
65400 12
65500 11
65600 9
65700 8
65800 10
65900 11
66000 12
66100 8
66200 12
66300 9
66400 10
66500 13
66600 8
66700 9
66800 13
66900 11
67000 11
67100 9
67200 9
67300 13
67400 9
67500 12
67600 10
67700 9
67800 10
67900 12
68000 8
68100 8
68200 13
68300 10
68400 12
68500 9
68600 10
68700 12
68800 9
68900 8
69000 9
69100 10
69200 8
69300 9
69400 9
69500 11
69600 9
69700 10
69800 12
69900 12
70000 12
70100 8
70200 10
70300 11
70400 8
70500 9
70600 11
70700 9
70800 9
70900 12
71000 13
71100 13
71200 12
71300 9
71400 13
71500 12
71600 13
71700 8
71800 8
71900 11
72000 8
72100 12
72200 13
72300 8
72400 8
72500 10
72600 11
72700 13
72800 10
72900 8
73000 8
73100 8
73200 8
73300 11
73400 12
73500 10
73600 13
73700 12
73800 10
73900 13
74000 9
74100 9
74200 10
74300 10
74400 8
74500 10
74600 11
74700 11
74800 12
74900 13
75000 12
75100 12
75200 13
75300 10
75400 11
75500 9
75600 11
75700 13
75800 12
75900 8
76000 12
76100 12
76200 9
76300 13
76400 12
76500 11
76600 13
76700 10
76800 12
76900 9
77000 13
77100 10
77200 13
77300 12
77400 9
77500 11
77600 12
77700 13
77800 12
77900 13
78000 9
78100 12
78200 12
78300 13
78400 12
78500 9
78600 12
78700 10
78800 8
78900 10
79000 11
79100 11
79200 12
79300 12
79400 11
79500 9
79600 12
79700 8
79800 8
79900 10
80000 9
80100 9
80200 12
80300 13
80400 10
80500 13
80600 11
80700 13
80800 11
80900 11
81000 9
81100 10
81200 10
81300 11
81400 12
81500 12
81600 12
81700 8
81800 11
81900 12
82000 10
82100 8
82200 8
82300 12
82400 13
82500 12
82600 8
82700 8
82800 8
82900 11
83000 12
83100 11
83200 8
83300 9
83400 13
83500 8
83600 13
83700 12
83800 8
83900 11
84000 13
84100 13
84200 11
84300 13
84400 8
84500 13
84600 11
84700 8
84800 10
84900 13
85000 13
85100 9
85200 9
85300 10
85400 10
85500 12
85600 8
85700 9
85800 13
85900 11
86000 8
86100 9
86200 12
86300 8
86400 9
86500 8
86600 8
86700 10
86800 12
86900 8
87000 11
87100 10
87200 8
87300 11
87400 10
87500 10
87600 11
87700 8
87800 10
87900 8
88000 11
88100 9
88200 10
88300 9
88400 11
88500 13
88600 11
88700 8
88800 9
88900 12
89000 10
89100 11
89200 9
89300 11
89400 13
89500 11
89600 9
89700 13
89800 9
89900 10
90000 8
90100 12
90200 13
90300 11
90400 10
90500 10
90600 13
90700 13
90800 12
90900 11
91000 8
91100 8
91200 12
91300 10
91400 13
91500 12
91600 12
91700 12
91800 9
91900 13
92000 8
92100 9
92200 9
92300 12
92400 13
92500 10
92600 11
92700 11
92800 13
92900 13
93000 11
93100 13
93200 13
93300 13
93400 11
93500 10
93600 9
93700 13
93800 9
93900 11
94000 13
94100 10
94200 13
94300 8
94400 11
94500 12
94600 8
94700 11
94800 9
94900 12
95000 9
95100 12
95200 11
95300 12
95400 8
95500 9
95600 10
95700 12
95800 11
95900 11
96000 9
96100 10
96200 9
96300 12
96400 9
96500 8
96600 13
96700 8
96800 11
96900 9
97000 8
97100 13
97200 9
97300 8
97400 13
97500 9
97600 10
97700 8
97800 10
97900 9
98000 10
98100 9
98200 10
98300 13
98400 10
98500 13
98600 10
98700 10
98800 13
98900 8
99000 12
99100 12
99200 8
99300 11
99400 13
99500 8
99600 12
99700 13
99800 13
99900 8
